40108032
6815744
7864320
19136512
7077888
4980736
4980736
4980736
3932160
7077888
4980736
4980736
9961472
12845056
19136512
7077888
16777216
7864320
6029312
36962304
7864320
11010048
11010048
12320768
14942208
14942208
17301504
56885248
32768000
51118080
130809856
155975680
143917056
109838336
407109632
333971456
880803840
1628962816
4326948864
6293028864
3910926336
4583849984
6004932608
8955887616
6301155328
8099987456
11866996736
840695808
7340032
8126464
7864320
4980736
5242880
4980736
6291456
6029312
8126464
6029312
7077888
11796480
6815744
7077888
12058624
7077888
7077888
9961472
12845056
8126464
7077888
8126464
8126464
6815744
9961472
29097984
22282240
12058624
23068672
90963968
23068672
144965632
125042688
333971456
388235264
779091968
1461190656
2818048000
3120824320
3534225408
4036755456
4545839104
7400849408
7720927232
8454930432
8901623808
